60
2
570
600
295
245
5
-5
10
10
3
0
10
10
3
0
10
10
3
0
10
10
3
0
10
70
3
0
10
70
3
0
10
70
3
0
10
70
3
0
10
130
3
0
10
130
3
0
10
130
3
0
10
130
3
0
10
190
3
0
10
190
3
0
10
190
3
0
10
190
3
0
130
10
3
0
130
10
3
0
130
10
3
0
130
10
3
0
130
70
3
0
130
70
3
0
130
70
3
0
130
70
3
0
130
130
3
0
130
130
3
0
130
130
3
0
130
130
3
0
130
190
3
0
130
190
3
0
130
190
3
0
130
190
3
0
250
10
3
0
250
10
3
0
250
10
3
0
250
10
3
0
250
70
3
0
250
70
3
0
250
70
3
0
250
70
3
0
250
130
3
0
250
130
3
0
250
130
3
0
250
130
3
0
250
190
2
0
250
190
2
0
250
190
2
0
250
190
2
0
370
10
3
0
370
10
3
0
370
10
3
0
370
10
3
0
370
70
3
0
370
70
3
0
370
70
3
0
370
70
3
0
370
130
3
0
370
130
3
0
370
130
3
0
370
130
3
0
370
190
3
0
370
190
3
0
370
190
3
0
370
190
3
0
490
10
3
0
490
10
3
0
490
10
3
0
490
10
3
0
490
70
3
0
490
70
3
0
490
70
3
0
490
70
3
0
490
130
3
0
490
130
3
0
490
130
3
0
490
130
3
0
490
190
3
0
490
190
3
0
490
190
3
0
490
190
3
0
610
10
3
0
610
10
3
0
610
10
3
0
610
10
3
0
610
70
3
0
610
70
3
0
610
70
3
0
610
70
3
0
610
130
3
0
610
130
3
0
610
130
3
0
610
130
3
0
610
190
3
0
610
190
3
0
610
190
3
0
610
190
3
0
730
10
3
0
730
10
3
0
730
10
3
0
730
10
3
0
730
70
3
0
730
70
3
0
730
70
3
0
730
70
3
0
730
130
3
0
730
130
3
0
730
130
3
0
730
130
3
0
850
10
3
0
850
10
3
0
850
10
3
0
850
10
3
0
850
70
3
0
850
70
3
0
850
70
3
0
850
70
3
0
850
130
3
0
850
130
3
0
850
130
3
0
850
130
3
0
850
190
1
0
850
190
1
0
850
190
1
0
850
190
1
0
970
10
3
0
970
10
3
0
970
10
3
0
970
10
3
0
970
70
3
0
970
70
3
0
970
70
3
0
970
70
3
0
970
130
3
0
970
130
3
0
970
130
3
0
970
130
3
0
970
190
3
0
970
190
3
0
970
190
3
0
970
190
3
0
1090
10
3
0
1090
10
3
0
1090
10
3
0
1090
10
3
0
1090
70
3
0
1090
70
3
0
1090
70
3
0
1090
70
3
0
1090
130
3
0
1090
130
3
0
1090
130
3
0
1090
130
3
0
1090
190
3
0
1090
190
3
0
1090
190
3
0
1090
190
3
0
1210
10
3
0
1210
10
3
0
1210
10
3
0
1210
10
3
0
